 # q =   1.0000E+01
 #         x        xbot      error+      error-       error
  1.0000E-07  1.5784E+01  1.5870E+01  7.7673E+00  1.1632E+01
  1.1767E-07  1.4611E+01  1.4031E+01  6.9738E+00  1.0339E+01
  1.3846E-07  1.3525E+01  1.2389E+01  6.2534E+00  9.1775E+00
  1.6293E-07  1.2519E+01  1.0924E+01  5.5997E+00  8.1359E+00
  1.9171E-07  1.1588E+01  9.6172E+00  5.0070E+00  7.2020E+00
  2.2559E-07  1.0727E+01  8.4527E+00  4.4698E+00  6.3653E+00
  2.6545E-07  9.9294E+00  7.4156E+00  3.9834E+00  5.6161E+00
  3.1235E-07  9.1912E+00  6.4929E+00  3.5431E+00  4.9457E+00
  3.6754E-07  8.5078E+00  5.6726E+00  3.1450E+00  4.3464E+00
  4.3248E-07  7.8753E+00  4.9440E+00  2.7853E+00  3.8109E+00
  5.0890E-07  7.2898E+00  4.2975E+00  2.4605E+00  3.3330E+00
  5.9882E-07  6.7479E+00  3.7245E+00  2.1676E+00  2.9069E+00
  7.0462E-07  6.2462E+00  3.2171E+00  1.9036E+00  2.5273E+00
  8.2912E-07  5.7818E+00  2.7685E+00  1.6660E+00  2.1896E+00
  9.7562E-07  5.3519E+00  2.3722E+00  1.4523E+00  1.8894E+00
  1.1480E-06  4.9651E+00  2.0450E+00  1.2681E+00  1.6368E+00
  1.3509E-06  4.6011E+00  1.7488E+00  1.0989E+00  1.4058E+00
  1.5895E-06  4.2573E+00  1.4765E+00  9.4252E-01  1.1932E+00
  1.8704E-06  3.9336E+00  1.2281E+00  7.9905E-01  9.9898E-01
  2.2009E-06  3.6288E+00  1.0016E+00  6.6737E-01  8.2154E-01
  2.5898E-06  3.3396E+00  7.9273E-01  5.4493E-01  6.5743E-01
  3.0474E-06  3.0716E+00  6.1036E-01  4.3634E-01  5.1343E-01
  3.5858E-06  2.8312E+00  4.6444E-01  3.4685E-01  3.9701E-01
  4.2194E-06  2.6252E+00  3.6391E-01  2.8201E-01  3.1530E-01
  4.9649E-06  2.4566E+00  3.1005E-01  2.4415E-01  2.7012E-01
  5.8422E-06  2.3049E+00  2.7249E-01  2.1626E-01  2.3798E-01
  6.8744E-06  2.1548E+00  2.3088E-01  1.8602E-01  2.0260E-01
  8.0891E-06  2.0129E+00  1.9390E-01  1.5869E-01  1.7090E-01
  9.5184E-06  1.8788E+00  1.6133E-01  1.3420E-01  1.4275E-01
  1.1200E-05  1.7544E+00  1.3460E-01  1.1351E-01  1.1932E-01
  1.3179E-05  1.6405E+00  1.1392E-01  9.6987E-02  1.0095E-01
  1.5508E-05  1.5353E+00  9.7525E-02  8.3525E-02  8.6236E-02
  1.8248E-05  1.4366E+00  8.3859E-02  7.2008E-02  7.3841E-02
  2.1472E-05  1.3430E+00  7.1826E-02  6.1590E-02  6.2832E-02
  2.5266E-05  1.2562E+00  6.1923E-02  5.3097E-02  5.4032E-02
  2.9731E-05  1.1757E+00  5.3859E-02  4.6296E-02  4.7063E-02
  3.4984E-05  1.1004E+00  4.7051E-02  4.0644E-02  4.1294E-02
  4.1165E-05  1.0295E+00  4.0961E-02  3.6482E-02  3.6216E-02
  4.8439E-05  9.6342E-01  3.5828E-02  3.3072E-02  3.1993E-02
  5.6998E-05  9.0166E-01  3.1500E-02  3.0056E-02  2.8446E-02
  6.7069E-05  8.4296E-01  2.7557E-02  2.7287E-02  2.5223E-02
  7.8919E-05  7.8777E-01  2.4140E-02  2.4781E-02  2.2421E-02
  9.2864E-05  7.3655E-01  2.1348E-02  2.2527E-02  2.0085E-02
  1.0927E-04  6.8828E-01  1.8905E-02  2.0458E-02  1.8016E-02
  1.2858E-04  6.4283E-01  1.6756E-02  1.8568E-02  1.6178E-02
  1.5130E-04  6.0003E-01  1.4874E-02  1.6836E-02  1.4543E-02
  1.7803E-04  5.5962E-01  1.3207E-02  1.5239E-02  1.3073E-02
  2.0949E-04  5.2138E-01  1.1711E-02  1.3759E-02  1.1735E-02
  2.4650E-04  4.8559E-01  1.0426E-02  1.2413E-02  1.0556E-02
  2.9006E-04  4.5216E-01  9.3309E-03  1.1194E-02  9.5219E-03
  3.4131E-04  4.2078E-01  8.3739E-03  1.0086E-02  8.5981E-03
  4.0162E-04  3.9113E-01  7.5085E-03  9.0697E-03  7.7536E-03
  4.7258E-04  3.6329E-01  6.7341E-03  8.1530E-03  6.9909E-03
  5.5608E-04  3.3725E-01  6.0551E-03  7.3282E-03  6.3106E-03
  6.5434E-04  3.1272E-01  5.4528E-03  6.5642E-03  5.6921E-03
  7.6995E-04  2.8973E-01  4.9221E-03  5.8678E-03  5.1352E-03
  9.0600E-04  2.6813E-01  4.4095E-03  5.2703E-03  4.6220E-03
  1.0661E-03  2.4784E-01  3.9364E-03  4.7338E-03  4.1533E-03
  1.2544E-03  2.2886E-01  3.5200E-03  4.2443E-03  3.7323E-03
  1.4761E-03  2.1112E-01  3.1502E-03  3.8000E-03  3.3530E-03
  1.7369E-03  1.9446E-01  2.8164E-03  3.3960E-03  3.0078E-03
  2.0438E-03  1.7874E-01  2.5071E-03  3.0291E-03  2.6895E-03
  2.4049E-03  1.6407E-01  2.2251E-03  2.7035E-03  2.4012E-03
  2.8299E-03  1.5045E-01  1.9733E-03  2.4172E-03  2.1437E-03
  3.3299E-03  1.3776E-01  1.7484E-03  2.1631E-03  1.9130E-03
  3.9183E-03  1.2586E-01  1.5475E-03  1.9347E-03  1.7052E-03
  4.6106E-03  1.1473E-01  1.3717E-03  1.7296E-03  1.5201E-03
  5.4253E-03  1.0441E-01  1.2202E-03  1.5499E-03  1.3582E-03
  6.3839E-03  9.4779E-02  1.0845E-03  1.3932E-03  1.2148E-03
  7.5118E-03  8.5830E-02  9.6460E-04  1.2588E-03  1.0896E-03
  8.8391E-03  7.7510E-02  8.6231E-04  1.1410E-03  9.8122E-04
  1.0401E-02  6.9790E-02  7.7652E-04  1.0383E-03  8.8850E-04
  1.2239E-02  6.2646E-02  7.0523E-04  9.4919E-04  8.0992E-04
  1.4401E-02  5.6023E-02  6.4487E-04  8.7168E-04  7.4290E-04
  1.6946E-02  4.9915E-02  5.9310E-04  8.0362E-04  6.8526E-04
  1.9940E-02  4.4278E-02  5.4966E-04  7.4242E-04  6.3500E-04
  2.3463E-02  3.9087E-02  5.1296E-04  6.8588E-04  5.9005E-04
  2.7609E-02  3.4333E-02  4.7797E-04  6.3501E-04  5.4856E-04
  3.2487E-02  2.9966E-02  4.4568E-04  5.8578E-04  5.0907E-04
  3.8227E-02  2.5989E-02  4.1516E-04  5.3653E-04  4.7015E-04
  4.4982E-02  2.2360E-02  3.8570E-04  4.8793E-04  4.3183E-04
  5.2930E-02  1.9081E-02  3.5570E-04  4.3920E-04  3.9301E-04
  6.2282E-02  1.6115E-02  3.2591E-04  3.9192E-04  3.5495E-04
  7.3287E-02  1.3460E-02  2.9541E-04  3.4591E-04  3.1714E-04
  8.6236E-02  1.1091E-02  2.6658E-04  3.0162E-04  2.8103E-04
  1.0147E-01  8.9970E-03  2.3952E-04  2.6011E-04  2.4724E-04
  1.1940E-01  7.1647E-03  2.1436E-04  2.2391E-04  2.1708E-04
  1.4050E-01  5.5788E-03  1.9190E-04  1.9325E-04  1.9111E-04
  1.6533E-01  4.2280E-03  1.6989E-04  1.7031E-04  1.6905E-04
  1.9454E-01  3.0991E-03  1.4969E-04  1.5122E-04  1.4976E-04
  2.2891E-01  2.1785E-03  1.3143E-04  1.3260E-04  1.3157E-04
  2.6936E-01  1.4524E-03  1.1289E-04  1.1290E-04  1.1261E-04
  3.1695E-01  9.0347E-04  9.2952E-05  9.1062E-05  9.1815E-05
  3.7296E-01  5.1234E-04  7.1056E-05  6.7961E-05  6.9377E-05
  4.3885E-01  2.5543E-04  4.8712E-05  4.5062E-05  4.6798E-05
  5.1640E-01  1.0549E-04  2.8256E-05  2.5044E-05  2.6595E-05
  6.0764E-01  3.2292E-05  1.2553E-05  1.0470E-05  1.1484E-05
  7.1501E-01  5.7423E-06  3.4207E-06  2.6069E-06  3.0047E-06
  8.4134E-01  2.8230E-07  2.8819E-07  1.8649E-07  2.3628E-07
  9.9000E-01  2.0936E-08  6.2705E-08  1.2029E-08  3.4859E-08
