 # q =   1.0000E+01
 #         x        xchm      error+      error-       error
  1.0000E-07  3.7020E+01  5.6296E+01  2.5360E+01  4.0160E+01
  1.1767E-07  3.3996E+01  4.9378E+01  2.2665E+01  3.5438E+01
  1.3846E-07  3.1220E+01  4.3264E+01  2.0233E+01  3.1240E+01
  1.6293E-07  2.8670E+01  3.7863E+01  1.8039E+01  2.7508E+01
  1.9171E-07  2.6329E+01  3.3095E+01  1.6062E+01  2.4193E+01
  2.2559E-07  2.4179E+01  2.8889E+01  1.4281E+01  2.1250E+01
  2.6545E-07  2.2204E+01  2.5180E+01  1.2677E+01  1.8639E+01
  3.1235E-07  2.0391E+01  2.1912E+01  1.1235E+01  1.6323E+01
  3.6754E-07  1.8725E+01  1.9036E+01  9.9381E+00  1.4271E+01
  4.3248E-07  1.7196E+01  1.6506E+01  8.7732E+00  1.2453E+01
  5.0890E-07  1.5792E+01  1.4282E+01  7.7277E+00  1.0845E+01
  5.9882E-07  1.4502E+01  1.2329E+01  6.7901E+00  9.4233E+00
  7.0462E-07  1.3318E+01  1.0617E+01  5.9500E+00  8.1674E+00
  8.2912E-07  1.2230E+01  9.1162E+00  5.1981E+00  7.0591E+00
  9.7562E-07  1.1231E+01  7.8030E+00  4.5259E+00  6.0821E+00
  1.1480E-06  1.0343E+01  6.7345E+00  3.9543E+00  5.2749E+00
  1.3509E-06  9.5119E+00  5.7633E+00  3.4297E+00  4.5388E+00
  1.5895E-06  8.7307E+00  4.8689E+00  2.9449E+00  3.8604E+00
  1.8704E-06  7.9991E+00  4.0577E+00  2.4996E+00  3.2396E+00
  2.2009E-06  7.3138E+00  3.3233E+00  2.0907E+00  2.6718E+00
  2.5898E-06  6.6664E+00  2.6440E+00  1.7103E+00  2.1459E+00
  3.0474E-06  6.0716E+00  2.0476E+00  1.3724E+00  1.6826E+00
  3.5858E-06  5.5463E+00  1.5656E+00  1.0929E+00  1.3056E+00
  4.2194E-06  5.1088E+00  1.2282E+00  8.8881E-01  1.0381E+00
  4.9649E-06  4.7672E+00  1.0437E+00  7.6775E-01  8.8737E-01
  5.8422E-06  4.4665E+00  9.1381E-01  6.7771E-01  7.7906E-01
  6.8744E-06  4.1664E+00  7.7043E-01  5.8084E-01  6.6062E-01
  8.0891E-06  3.8838E+00  6.4248E-01  4.9316E-01  5.5430E-01
  9.5184E-06  3.6182E+00  5.2914E-01  4.1424E-01  4.5945E-01
  1.1200E-05  3.3741E+00  4.3579E-01  3.4751E-01  3.8039E-01
  1.3179E-05  3.1534E+00  3.6374E-01  2.9431E-01  3.1849E-01
  1.5508E-05  2.9516E+00  3.0697E-01  2.5108E-01  2.6907E-01
  1.8248E-05  2.7637E+00  2.5991E-01  2.1422E-01  2.2757E-01
  2.1472E-05  2.5859E+00  2.1884E-01  1.8096E-01  1.9072E-01
  2.5266E-05  2.4223E+00  1.8676E-01  1.5404E-01  1.6152E-01
  2.9731E-05  2.2719E+00  1.6171E-01  1.3271E-01  1.3876E-01
  3.4984E-05  2.1321E+00  1.4072E-01  1.1516E-01  1.2022E-01
  4.1165E-05  2.0004E+00  1.2202E-01  9.9758E-02  1.0411E-01
  4.8439E-05  1.8784E+00  1.0636E-01  8.7258E-02  9.1041E-02
  5.6998E-05  1.7646E+00  9.3234E-02  7.8681E-02  8.0312E-02
  6.7069E-05  1.6564E+00  8.1255E-02  7.1454E-02  7.0645E-02
  7.8919E-05  1.5548E+00  7.0886E-02  6.5100E-02  6.2377E-02
  9.2864E-05  1.4606E+00  6.2452E-02  5.9420E-02  5.5631E-02
  1.0927E-04  1.3718E+00  5.5094E-02  5.4252E-02  4.9743E-02
  1.2858E-04  1.2880E+00  4.8649E-02  4.9575E-02  4.4584E-02
  1.5130E-04  1.2091E+00  4.3030E-02  4.5303E-02  4.0058E-02
  1.7803E-04  1.1344E+00  3.8072E-02  4.1359E-02  3.6025E-02
  2.0949E-04  1.0635E+00  3.3630E-02  3.7684E-02  3.2375E-02
  2.4650E-04  9.9700E-01  2.9847E-02  3.4297E-02  2.9188E-02
  2.9006E-04  9.3468E-01  2.6667E-02  3.1188E-02  2.6421E-02
  3.4131E-04  8.7597E-01  2.3929E-02  2.8327E-02  2.3970E-02
  4.0162E-04  8.2028E-01  2.1480E-02  2.5686E-02  2.1741E-02
  4.7258E-04  7.6773E-01  1.9330E-02  2.3276E-02  1.9742E-02
  5.5608E-04  7.1832E-01  1.7480E-02  2.1090E-02  1.7971E-02
  6.5434E-04  6.7155E-01  1.5826E-02  1.9079E-02  1.6357E-02
  7.6995E-04  6.2746E-01  1.4365E-02  1.7249E-02  1.4901E-02
  9.0600E-04  5.8577E-01  1.3044E-02  1.5592E-02  1.3576E-02
  1.0661E-03  5.4636E-01  1.1851E-02  1.4085E-02  1.2366E-02
  1.2544E-03  5.0924E-01  1.0811E-02  1.2720E-02  1.1266E-02
  1.4761E-03  4.7427E-01  9.8640E-03  1.1484E-02  1.0263E-02
  1.7369E-03  4.4121E-01  8.9814E-03  1.0358E-02  9.3402E-03
  2.0438E-03  4.0980E-01  8.1464E-03  9.3231E-03  8.4814E-03
  2.4049E-03  3.8022E-01  7.3661E-03  8.4034E-03  7.6922E-03
  2.8299E-03  3.5250E-01  6.6449E-03  7.6156E-03  6.9723E-03
  3.3299E-03  3.2641E-01  5.9768E-03  6.9340E-03  6.3111E-03
  3.9183E-03  3.0171E-01  5.3618E-03  6.2967E-03  5.6998E-03
  4.6106E-03  2.7840E-01  4.8001E-03  5.7048E-03  5.1370E-03
  5.4253E-03  2.5653E-01  4.2921E-03  5.1648E-03  4.6267E-03
  6.3839E-03  2.3589E-01  3.8396E-03  4.6642E-03  4.1633E-03
  7.5118E-03  2.1648E-01  3.4434E-03  4.2023E-03  3.7468E-03
  8.8391E-03  1.9822E-01  3.0866E-03  3.8007E-03  3.3788E-03
  1.0401E-02  1.8105E-01  2.7743E-03  3.4503E-03  3.0577E-03
  1.2239E-02  1.6493E-01  2.5138E-03  3.1355E-03  2.7793E-03
  1.4401E-02  1.4977E-01  2.2931E-03  2.8657E-03  2.5427E-03
  1.6946E-02  1.3558E-01  2.1054E-03  2.6524E-03  2.3448E-03
  1.9940E-02  1.2227E-01  1.9489E-03  2.4777E-03  2.1791E-03
  2.3463E-02  1.0980E-01  1.8174E-03  2.3222E-03  2.0378E-03
  2.7609E-02  9.8165E-02  1.7049E-03  2.1802E-03  1.9148E-03
  3.2487E-02  8.7285E-02  1.6084E-03  2.0447E-03  1.8023E-03
  3.8227E-02  7.7164E-02  1.5166E-03  1.9131E-03  1.6939E-03
  4.4982E-02  6.7743E-02  1.4216E-03  1.7839E-03  1.5848E-03
  5.2930E-02  5.9025E-02  1.3263E-03  1.6455E-03  1.4703E-03
  6.2282E-02  5.0963E-02  1.2298E-03  1.5021E-03  1.3521E-03
  7.3287E-02  4.3553E-02  1.1269E-03  1.3519E-03  1.2269E-03
  8.6236E-02  3.6770E-02  1.0247E-03  1.1989E-03  1.1005E-03
  1.0147E-01  3.0604E-02  9.2407E-04  1.0466E-03  9.7519E-04
  1.1940E-01  2.5044E-02  8.2562E-04  9.0379E-04  8.5592E-04
  1.4050E-01  2.0079E-02  7.3763E-04  7.7739E-04  7.5029E-04
  1.6533E-01  1.5705E-02  6.6180E-04  6.7214E-04  6.6149E-04
  1.9454E-01  1.1914E-02  5.9092E-04  5.9583E-04  5.8958E-04
  2.2891E-01  8.6983E-03  5.2784E-04  5.3511E-04  5.2905E-04
  2.6936E-01  6.0497E-03  4.6875E-04  4.7444E-04  4.7007E-04
  3.1695E-01  3.9495E-03  4.0505E-04  4.0387E-04  4.0348E-04
  3.7296E-01  2.3690E-03  3.2952E-04  3.2069E-04  3.2444E-04
  4.3885E-01  1.2630E-03  2.4278E-04  2.2864E-04  2.3526E-04
  5.1640E-01  5.6659E-04  1.5338E-04  1.3839E-04  1.4559E-04
  6.0764E-01  1.9308E-04  7.5729E-05  6.4356E-05  6.9878E-05
  7.1501E-01  3.9902E-05  2.3842E-05  1.8509E-05  2.1113E-05
  8.4134E-01  2.5051E-06  2.5589E-06  1.6904E-06  2.1155E-06
  9.9000E-01  5.3216E-08  6.8969E-08  1.8780E-08  4.1331E-08
