 # x =   1.0000E-02
 #        q2       xdbar      error+      error-       error
  5.0000E-01  1.4711E-01  5.5099E-03  5.9195E-03  5.6410E-03
  6.3536E-01  1.7714E-01  6.4894E-03  7.0106E-03  6.6621E-03
  8.0737E-01  2.0237E-01  7.0959E-03  7.7517E-03  7.3252E-03
  1.0259E+00  2.1418E-01  6.9638E-03  7.7641E-03  7.2635E-03
  1.3037E+00  2.1952E-01  6.5288E-03  7.4449E-03  6.8852E-03
  1.6566E+00  2.2693E-01  6.2062E-03  7.1760E-03  6.5875E-03
  2.1051E+00  2.3581E-01  5.9643E-03  6.9621E-03  6.3595E-03
  2.6750E+00  2.4551E-01  5.7602E-03  6.8060E-03  6.1808E-03
  3.3992E+00  2.5582E-01  5.5658E-03  6.7007E-03  6.0315E-03
  4.3194E+00  2.6645E-01  5.4287E-03  6.5897E-03  5.9067E-03
  5.4888E+00  2.7724E-01  5.3280E-03  6.4968E-03  5.8094E-03
  6.9748E+00  2.8805E-01  5.2383E-03  6.4204E-03  5.7259E-03
  8.8630E+00  2.9881E-01  5.1700E-03  6.3627E-03  5.6618E-03
  1.1262E+01  3.0944E-01  5.1025E-03  6.3125E-03  5.6035E-03
  1.4311E+01  3.1989E-01  5.0298E-03  6.2758E-03  5.5501E-03
  1.8186E+01  3.3013E-01  4.9969E-03  6.2136E-03  5.5032E-03
  2.3109E+01  3.4015E-01  4.9883E-03  6.1378E-03  5.4614E-03
  2.9365E+01  3.4992E-01  4.9367E-03  6.1185E-03  5.4284E-03
  3.7315E+01  3.5941E-01  4.9249E-03  6.0652E-03  5.3965E-03
  4.7417E+01  3.6864E-01  4.8947E-03  6.0453E-03  5.3693E-03
  6.0254E+01  3.7760E-01  4.8588E-03  6.0359E-03  5.3454E-03
  7.6566E+01  3.8630E-01  4.8468E-03  6.0044E-03  5.3220E-03
  9.7294E+01  3.9473E-01  4.8430E-03  5.9676E-03  5.2996E-03
  1.2363E+02  4.0291E-01  4.8174E-03  5.9602E-03  5.2790E-03
  1.5710E+02  4.1084E-01  4.7872E-03  5.9598E-03  5.2599E-03
  1.9964E+02  4.1851E-01  4.7711E-03  5.9454E-03  5.2421E-03
  2.5368E+02  4.2595E-01  4.7589E-03  5.9312E-03  5.2273E-03
  3.2236E+02  4.3315E-01  4.7464E-03  5.9274E-03  5.2182E-03
  4.0963E+02  4.4013E-01  4.7373E-03  5.9222E-03  5.2079E-03
  5.2053E+02  4.4688E-01  4.7387E-03  5.8932E-03  5.1916E-03
  6.6145E+02  4.5343E-01  4.7280E-03  5.8790E-03  5.1766E-03
  8.4051E+02  4.5978E-01  4.6833E-03  5.9100E-03  5.1667E-03
  1.0681E+03  4.6593E-01  4.6506E-03  5.9315E-03  5.1581E-03
  1.3572E+03  4.7188E-01  4.6517E-03  5.9173E-03  5.1499E-03
  1.7246E+03  4.7764E-01  4.6572E-03  5.9007E-03  5.1429E-03
  2.1915E+03  4.8323E-01  4.6450E-03  5.9076E-03  5.1384E-03
  2.7848E+03  4.8865E-01  4.6253E-03  5.9249E-03  5.1354E-03
  3.5388E+03  4.9391E-01  4.6070E-03  5.9359E-03  5.1297E-03
  4.4968E+03  4.9900E-01  4.5898E-03  5.9397E-03  5.1210E-03
  5.7141E+03  5.0394E-01  4.5717E-03  5.9445E-03  5.1127E-03
  7.2611E+03  5.0873E-01  4.5493E-03  5.9548E-03  5.1062E-03
  9.2268E+03  5.1338E-01  4.5289E-03  5.9643E-03  5.1007E-03
  1.1725E+04  5.1789E-01  4.5207E-03  5.9649E-03  5.0962E-03
  1.4899E+04  5.2226E-01  4.5222E-03  5.9584E-03  5.0927E-03
  1.8932E+04  5.2650E-01  4.5204E-03  5.9552E-03  5.0896E-03
  2.4058E+04  5.3062E-01  4.5129E-03  5.9572E-03  5.0875E-03
  3.0571E+04  5.3462E-01  4.5030E-03  5.9621E-03  5.0855E-03
  3.8847E+04  5.3851E-01  4.4906E-03  5.9701E-03  5.0829E-03
  4.9364E+04  5.4228E-01  4.4763E-03  5.9804E-03  5.0800E-03
  6.2728E+04  5.4595E-01  4.4623E-03  5.9889E-03  5.0765E-03
  7.9710E+04  5.4951E-01  4.4485E-03  5.9954E-03  5.0721E-03
  1.0129E+05  5.5297E-01  4.4343E-03  6.0033E-03  5.0685E-03
  1.2871E+05  5.5634E-01  4.4182E-03  6.0158E-03  5.0664E-03
  1.6355E+05  5.5961E-01  4.4030E-03  6.0288E-03  5.0653E-03
  2.0783E+05  5.6279E-01  4.3937E-03  6.0358E-03  5.0646E-03
  2.6410E+05  5.6588E-01  4.3898E-03  6.0377E-03  5.0644E-03
  3.3559E+05  5.6888E-01  4.3836E-03  6.0434E-03  5.0650E-03
  4.2645E+05  5.7180E-01  4.3711E-03  6.0585E-03  5.0674E-03
  5.4190E+05  5.7465E-01  4.3604E-03  6.0698E-03  5.0686E-03
  6.8860E+05  5.7741E-01  4.3590E-03  6.0621E-03  5.0647E-03
  8.7502E+05  5.8009E-01  4.3626E-03  6.0456E-03  5.0585E-03
  1.1119E+06  5.8271E-01  4.3642E-03  6.0405E-03  5.0568E-03
  1.4129E+06  5.8526E-01  4.3652E-03  6.0465E-03  5.0600E-03
  1.7954E+06  5.8773E-01  4.3608E-03  6.0560E-03  5.0626E-03
  2.2815E+06  5.9015E-01  4.3425E-03  6.0689E-03  5.0615E-03
  2.8992E+06  5.9250E-01  4.3220E-03  6.0816E-03  5.0595E-03
  3.6840E+06  5.9479E-01  4.3223E-03  6.0818E-03  5.0602E-03
  4.6814E+06  5.9701E-01  4.3402E-03  6.0714E-03  5.0630E-03
  5.9487E+06  5.9917E-01  4.3453E-03  6.0705E-03  5.0643E-03
  7.5592E+06  6.0129E-01  4.3277E-03  6.0855E-03  5.0628E-03
  9.6056E+06  6.0335E-01  4.3068E-03  6.1035E-03  5.0614E-03
  1.2206E+07  6.0536E-01  4.2947E-03  6.1174E-03  5.0629E-03
  1.5511E+07  6.0731E-01  4.2874E-03  6.1287E-03  5.0658E-03
  1.9710E+07  6.0921E-01  4.2905E-03  6.1271E-03  5.0676E-03
  2.5046E+07  6.1106E-01  4.3090E-03  6.1067E-03  5.0681E-03
  3.1826E+07  6.1286E-01  4.3195E-03  6.0950E-03  5.0681E-03
  4.0442E+07  6.1462E-01  4.3015E-03  6.1137E-03  5.0676E-03
  5.1390E+07  6.1634E-01  4.2748E-03  6.1420E-03  5.0670E-03
  6.5303E+07  6.1802E-01  4.2647E-03  6.1536E-03  5.0677E-03
  8.2982E+07  6.1965E-01  4.2657E-03  6.1540E-03  5.0694E-03
  1.0545E+08  6.2124E-01  4.2672E-03  6.1521E-03  5.0697E-03
  1.3399E+08  6.2278E-01  4.2681E-03  6.1472E-03  5.0674E-03
  1.7027E+08  6.2429E-01  4.2688E-03  6.1431E-03  5.0655E-03
  2.1637E+08  6.2576E-01  4.2680E-03  6.1452E-03  5.0665E-03
  2.7494E+08  6.2720E-01  4.2659E-03  6.1515E-03  5.0694E-03
  3.4937E+08  6.2860E-01  4.2601E-03  6.1595E-03  5.0714E-03
  4.4396E+08  6.2996E-01  4.2478E-03  6.1711E-03  5.0722E-03
  5.6414E+08  6.3129E-01  4.2417E-03  6.1772E-03  5.0728E-03
  7.1687E+08  6.3259E-01  4.2480E-03  6.1731E-03  5.0737E-03
  9.1094E+08  6.3385E-01  4.2635E-03  6.1613E-03  5.0746E-03
  1.1576E+09  6.3511E-01  4.2800E-03  6.1491E-03  5.0758E-03
  1.4709E+09  6.3639E-01  4.2934E-03  6.1402E-03  5.0772E-03
  1.8692E+09  6.3767E-01  4.3071E-03  6.1314E-03  5.0788E-03
  2.3752E+09  6.3895E-01  4.3212E-03  6.1228E-03  5.0806E-03
  3.0182E+09  6.4024E-01  4.3356E-03  6.1143E-03  5.0826E-03
  3.8353E+09  6.4152E-01  4.3503E-03  6.1060E-03  5.0849E-03
  4.8736E+09  6.4281E-01  4.3655E-03  6.0979E-03  5.0873E-03
  6.1930E+09  6.4411E-01  4.3809E-03  6.0900E-03  5.0900E-03
  7.8695E+09  6.4540E-01  4.3968E-03  6.0822E-03  5.0929E-03
  1.0000E+10  6.4670E-01  4.4129E-03  6.0746E-03  5.0960E-03
