 # q =   1.0000E+01
 #         x       xdbar      error+      error-       error
  1.0000E-07  4.3545E+01  7.0462E+01  3.0998E+01  4.9905E+01
  1.1767E-07  4.0057E+01  6.1878E+01  2.7749E+01  4.4092E+01
  1.3846E-07  3.6849E+01  5.4283E+01  2.4811E+01  3.8917E+01
  1.6293E-07  3.3897E+01  4.7565E+01  2.2155E+01  3.4310E+01
  1.9171E-07  3.1182E+01  4.1626E+01  1.9757E+01  3.0212E+01
  2.2559E-07  2.8684E+01  3.6380E+01  1.7593E+01  2.6569E+01
  2.6545E-07  2.6386E+01  3.1749E+01  1.5640E+01  2.3332E+01
  3.1235E-07  2.4273E+01  2.7663E+01  1.3880E+01  2.0457E+01
  3.6754E-07  2.2329E+01  2.4061E+01  1.2294E+01  1.7905E+01
  4.3248E-07  2.0540E+01  2.0889E+01  1.0867E+01  1.5643E+01
  5.0890E-07  1.8895E+01  1.8097E+01  9.5829E+00  1.3637E+01
  5.9882E-07  1.7381E+01  1.5642E+01  8.4293E+00  1.1862E+01
  7.0462E-07  1.5989E+01  1.3486E+01  7.3936E+00  1.0291E+01
  8.2912E-07  1.4708E+01  1.1594E+01  6.4647E+00  8.9027E+00
  9.7562E-07  1.3530E+01  9.9355E+00  5.6324E+00  7.6769E+00
  1.1480E-06  1.2477E+01  8.5827E+00  4.9216E+00  6.6610E+00
  1.3509E-06  1.1492E+01  7.3520E+00  4.2688E+00  5.7338E+00
  1.5895E-06  1.0566E+01  6.2181E+00  3.6650E+00  4.8789E+00
  1.8704E-06  9.7000E+00  5.1812E+00  3.1105E+00  4.0962E+00
  2.2009E-06  8.8886E+00  4.2398E+00  2.6009E+00  3.3797E+00
  2.5898E-06  8.1222E+00  3.3774E+00  2.1265E+00  2.7154E+00
  3.0474E-06  7.4186E+00  2.6188E+00  1.7047E+00  2.1294E+00
  3.5858E-06  6.7982E+00  2.0033E+00  1.3553E+00  1.6511E+00
  4.2194E-06  6.2829E+00  1.5699E+00  1.0995E+00  1.3100E+00
  4.9649E-06  5.8826E+00  1.3308E+00  9.4660E-01  1.1165E+00
  5.8422E-06  5.5309E+00  1.1616E+00  8.3242E-01  9.7682E-01
  6.8744E-06  5.1794E+00  9.7503E-01  7.1006E-01  8.2435E-01
  8.0891E-06  4.8485E+00  8.0817E-01  5.9927E-01  6.8731E-01
  9.5184E-06  4.5373E+00  6.6024E-01  4.9936E-01  5.6493E-01
  1.1200E-05  4.2515E+00  5.3805E-01  4.1471E-01  4.6275E-01
  1.3179E-05  3.9933E+00  4.4356E-01  3.4717E-01  3.8266E-01
  1.5508E-05  3.7571E+00  3.6913E-01  2.9235E-01  3.1873E-01
  1.8248E-05  3.5372E+00  3.0748E-01  2.4569E-01  2.6507E-01
  2.1472E-05  3.3290E+00  2.5368E-01  2.0367E-01  2.1743E-01
  2.5266E-05  3.1373E+00  2.1200E-01  1.6989E-01  1.7990E-01
  2.9731E-05  2.9610E+00  1.8009E-01  1.4334E-01  1.5093E-01
  3.4984E-05  2.7969E+00  1.5447E-01  1.2169E-01  1.2762E-01
  4.1165E-05  2.6421E+00  1.3205E-01  1.0275E-01  1.0758E-01
  4.8439E-05  2.4982E+00  1.1349E-01  8.7524E-02  9.1667E-02
  5.6998E-05  2.3640E+00  9.8018E-02  7.5308E-02  7.8895E-02
  6.7069E-05  2.2359E+00  8.3877E-02  6.6577E-02  6.7566E-02
  7.8919E-05  2.1153E+00  7.1695E-02  6.0560E-02  5.8136E-02
  9.2864E-05  2.0031E+00  6.1997E-02  5.5252E-02  5.0732E-02
  1.0927E-04  1.8970E+00  5.3605E-02  5.0526E-02  4.4449E-02
  1.2858E-04  1.7967E+00  4.6286E-02  4.6321E-02  3.9091E-02
  1.5130E-04  1.7017E+00  3.9957E-02  4.2480E-02  3.4525E-02
  1.7803E-04  1.6115E+00  3.4441E-02  3.8941E-02  3.0591E-02
  2.0949E-04  1.5255E+00  2.9594E-02  3.5686E-02  2.7176E-02
  2.4650E-04  1.4445E+00  2.5548E-02  3.2681E-02  2.4309E-02
  2.9006E-04  1.3682E+00  2.2215E-02  2.9882E-02  2.1890E-02
  3.4131E-04  1.2959E+00  1.9428E-02  2.7269E-02  1.9808E-02
  4.0162E-04  1.2270E+00  1.7058E-02  2.4830E-02  1.7986E-02
  4.7258E-04  1.1615E+00  1.5149E-02  2.2521E-02  1.6409E-02
  5.5608E-04  1.0996E+00  1.3960E-02  2.0395E-02  1.5053E-02
  6.5434E-04  1.0407E+00  1.2976E-02  1.8597E-02  1.3871E-02
  7.6995E-04  9.8476E-01  1.2001E-02  1.7068E-02  1.2839E-02
  9.0600E-04  9.3149E-01  1.1276E-02  1.5513E-02  1.1930E-02
  1.0661E-03  8.8079E-01  1.0635E-02  1.4088E-02  1.1127E-02
  1.2544E-03  8.3270E-01  9.9576E-03  1.2899E-02  1.0408E-02
  1.4761E-03  7.8707E-01  9.2757E-03  1.1901E-02  9.7574E-03
  1.7369E-03  7.4365E-01  8.6162E-03  1.1043E-02  9.1620E-03
  2.0438E-03  7.0217E-01  8.0103E-03  1.0275E-02  8.6164E-03
  2.4049E-03  6.6281E-01  7.4537E-03  9.5946E-03  8.1134E-03
  2.8299E-03  6.2559E-01  6.9367E-03  8.9948E-03  7.6458E-03
  3.3299E-03  5.9031E-01  6.4671E-03  8.4781E-03  7.2119E-03
  3.9183E-03  5.5675E-01  6.0528E-03  8.0283E-03  6.8137E-03
  4.6106E-03  5.2490E-01  5.7008E-03  7.5955E-03  6.4522E-03
  5.4253E-03  4.9481E-01  5.4110E-03  7.1850E-03  6.1283E-03
  6.3839E-03  4.6631E-01  5.1766E-03  6.8134E-03  5.8464E-03
  7.5118E-03  4.3939E-01  4.9995E-03  6.4838E-03  5.6094E-03
  8.8391E-03  4.1398E-01  4.8890E-03  6.1764E-03  5.4155E-03
  1.0401E-02  3.9002E-01  4.8289E-03  5.9103E-03  5.2647E-03
  1.2239E-02  3.6749E-01  4.7880E-03  5.7160E-03  5.1574E-03
  1.4401E-02  3.4627E-01  4.7718E-03  5.5815E-03  5.0856E-03
  1.6946E-02  3.2636E-01  4.7925E-03  5.4778E-03  5.0476E-03
  1.9940E-02  3.0760E-01  4.8207E-03  5.3918E-03  5.0273E-03
  2.3463E-02  2.8994E-01  4.8498E-03  5.3239E-03  5.0159E-03
  2.7609E-02  2.7329E-01  4.8777E-03  5.2677E-03  5.0086E-03
  3.2487E-02  2.5735E-01  4.8773E-03  5.2151E-03  4.9880E-03
  3.8227E-02  2.4212E-01  4.8654E-03  5.1695E-03  4.9636E-03
  4.4982E-02  2.2712E-01  4.8740E-03  5.0920E-03  4.9304E-03
  5.2930E-02  2.1236E-01  4.9348E-03  5.0056E-03  4.9164E-03
  6.2282E-02  1.9711E-01  5.0534E-03  4.9094E-03  4.9235E-03
  7.3287E-02  1.8137E-01  5.2377E-03  4.8592E-03  4.9855E-03
  8.6236E-02  1.6452E-01  5.4713E-03  4.8350E-03  5.0862E-03
  1.0147E-01  1.4636E-01  5.7073E-03  4.8112E-03  5.1949E-03
  1.1940E-01  1.2667E-01  5.7838E-03  4.7673E-03  5.2193E-03
  1.4050E-01  1.0559E-01  5.6126E-03  4.5628E-03  5.0394E-03
  1.6533E-01  8.3677E-02  5.1303E-03  4.1126E-03  4.5771E-03
  1.9454E-01  6.1968E-02  4.3707E-03  3.3841E-03  3.8235E-03
  2.2891E-01  4.1978E-02  3.5278E-03  2.4362E-03  2.8940E-03
  2.6936E-01  2.5283E-02  2.8184E-03  1.5325E-03  2.0533E-03
  3.1695E-01  1.3164E-02  2.2318E-03  1.0420E-03  1.4991E-03
  3.7296E-01  5.8143E-03  1.5826E-03  8.4298E-04  1.0886E-03
  4.3885E-01  2.2473E-03  8.8141E-04  5.7577E-04  6.5895E-04
  5.1640E-01  8.4936E-04  3.5704E-04  2.8587E-04  2.9983E-04
  6.0764E-01  3.0580E-04  1.2942E-04  1.1362E-04  1.1932E-04
  7.1501E-01  7.1833E-05  4.2403E-05  3.3514E-05  3.7812E-05
  8.4134E-01  5.1392E-06  5.1705E-06  3.4520E-06  4.2929E-06
  9.9000E-01  5.4476E-08  7.0094E-08  1.9813E-08  4.2336E-08
