 # q =   1.0000E+01
 #         x         xdn      error+      error-       error
  1.0000E-07  4.3544E+01  7.0462E+01  3.0998E+01  4.9905E+01
  1.1767E-07  4.0056E+01  6.1878E+01  2.7749E+01  4.4092E+01
  1.3846E-07  3.6848E+01  5.4283E+01  2.4811E+01  3.8917E+01
  1.6293E-07  3.3896E+01  4.7565E+01  2.2155E+01  3.4310E+01
  1.9171E-07  3.1181E+01  4.1626E+01  1.9757E+01  3.0212E+01
  2.2559E-07  2.8684E+01  3.6380E+01  1.7593E+01  2.6569E+01
  2.6545E-07  2.6386E+01  3.1749E+01  1.5640E+01  2.3332E+01
  3.1235E-07  2.4273E+01  2.7663E+01  1.3880E+01  2.0457E+01
  3.6754E-07  2.2328E+01  2.4061E+01  1.2294E+01  1.7905E+01
  4.3248E-07  2.0540E+01  2.0889E+01  1.0867E+01  1.5643E+01
  5.0890E-07  1.8895E+01  1.8097E+01  9.5829E+00  1.3637E+01
  5.9882E-07  1.7381E+01  1.5642E+01  8.4293E+00  1.1862E+01
  7.0462E-07  1.5989E+01  1.3486E+01  7.3936E+00  1.0291E+01
  8.2912E-07  1.4708E+01  1.1594E+01  6.4647E+00  8.9027E+00
  9.7562E-07  1.3530E+01  9.9355E+00  5.6323E+00  7.6769E+00
  1.1480E-06  1.2478E+01  8.5827E+00  4.9216E+00  6.6610E+00
  1.3509E-06  1.1493E+01  7.3520E+00  4.2687E+00  5.7338E+00
  1.5895E-06  1.0567E+01  6.2181E+00  3.6650E+00  4.8789E+00
  1.8704E-06  9.7009E+00  5.1812E+00  3.1105E+00  4.0962E+00
  2.2009E-06  8.8896E+00  4.2398E+00  2.6008E+00  3.3797E+00
  2.5898E-06  8.1234E+00  3.3774E+00  2.1265E+00  2.7154E+00
  3.0474E-06  7.4199E+00  2.6188E+00  1.7047E+00  2.1294E+00
  3.5858E-06  6.7997E+00  2.0033E+00  1.3553E+00  1.6511E+00
  4.2194E-06  6.2846E+00  1.5699E+00  1.0995E+00  1.3100E+00
  4.9649E-06  5.8845E+00  1.3308E+00  9.4657E-01  1.1165E+00
  5.8422E-06  5.5330E+00  1.1617E+00  8.3239E-01  9.7683E-01
  6.8744E-06  5.1818E+00  9.7508E-01  7.1003E-01  8.2436E-01
  8.0891E-06  4.8511E+00  8.0822E-01  5.9923E-01  6.8732E-01
  9.5184E-06  4.5403E+00  6.6030E-01  4.9932E-01  5.6494E-01
  1.1200E-05  4.2548E+00  5.3810E-01  4.1467E-01  4.6276E-01
  1.3179E-05  3.9970E+00  4.4362E-01  3.4712E-01  3.8267E-01
  1.5508E-05  3.7613E+00  3.6919E-01  2.9231E-01  3.1874E-01
  1.8248E-05  3.5418E+00  3.0754E-01  2.4564E-01  2.6508E-01
  2.1472E-05  3.3341E+00  2.5374E-01  2.0362E-01  2.1744E-01
  2.5266E-05  3.1430E+00  2.1206E-01  1.6983E-01  1.7990E-01
  2.9731E-05  2.9673E+00  1.8015E-01  1.4328E-01  1.5093E-01
  3.4984E-05  2.8040E+00  1.5453E-01  1.2162E-01  1.2762E-01
  4.1165E-05  2.6500E+00  1.3211E-01  1.0268E-01  1.0758E-01
  4.8439E-05  2.5070E+00  1.1355E-01  8.7449E-02  9.1661E-02
  5.6998E-05  2.3737E+00  9.8082E-02  7.5224E-02  7.8885E-02
  6.7069E-05  2.2467E+00  8.3943E-02  6.6482E-02  6.7551E-02
  7.8919E-05  2.1272E+00  7.1765E-02  6.0461E-02  5.8117E-02
  9.2864E-05  2.0163E+00  6.2077E-02  5.5147E-02  5.0711E-02
  1.0927E-04  1.9116E+00  5.3699E-02  5.0415E-02  4.4426E-02
  1.2858E-04  1.8127E+00  4.6392E-02  4.6207E-02  3.9066E-02
  1.5130E-04  1.7194E+00  4.0077E-02  4.2366E-02  3.4498E-02
  1.7803E-04  1.6311E+00  3.4576E-02  3.8826E-02  3.0562E-02
  2.0949E-04  1.5472E+00  2.9764E-02  3.5563E-02  2.7148E-02
  2.4650E-04  1.4683E+00  2.5755E-02  3.2550E-02  2.4284E-02
  2.9006E-04  1.3944E+00  2.2468E-02  2.9741E-02  2.1871E-02
  3.4131E-04  1.3247E+00  1.9723E-02  2.7126E-02  1.9797E-02
  4.0162E-04  1.2586E+00  1.7395E-02  2.4690E-02  1.7985E-02
  4.7258E-04  1.1962E+00  1.5534E-02  2.2384E-02  1.6418E-02
  5.5608E-04  1.1376E+00  1.4256E-02  2.0261E-02  1.5072E-02
  6.5434E-04  1.0822E+00  1.3291E-02  1.8469E-02  1.3901E-02
  7.6995E-04  1.0301E+00  1.2328E-02  1.6946E-02  1.2878E-02
  9.0600E-04  9.8099E-01  1.1624E-02  1.5389E-02  1.1974E-02
  1.0661E-03  9.3472E-01  1.0998E-02  1.3958E-02  1.1172E-02
  1.2544E-03  8.9136E-01  1.0318E-02  1.2772E-02  1.0454E-02
  1.4761E-03  8.5077E-01  9.6191E-03  1.1777E-02  9.8027E-03
  1.7369E-03  8.1267E-01  8.9317E-03  1.0926E-02  9.2058E-03
  2.0438E-03  7.7680E-01  8.2920E-03  1.0165E-02  8.6573E-03
  2.4049E-03  7.4335E-01  7.7037E-03  9.4954E-03  8.1557E-03
  2.8299E-03  7.1236E-01  7.1673E-03  8.9187E-03  7.7021E-03
  3.3299E-03  6.8354E-01  6.7012E-03  8.4201E-03  7.3013E-03
  3.9183E-03  6.5663E-01  6.3253E-03  7.9909E-03  6.9596E-03
  4.6106E-03  6.3161E-01  6.0766E-03  7.6366E-03  6.6871E-03
  5.4253E-03  6.0856E-01  5.9118E-03  7.3724E-03  6.4949E-03
  6.3839E-03  5.8713E-01  5.8087E-03  7.2239E-03  6.3813E-03
  7.5118E-03  5.6733E-01  5.7702E-03  7.2029E-03  6.3508E-03
  8.8391E-03  5.4896E-01  5.7881E-03  7.2712E-03  6.3798E-03
  1.0401E-02  5.3193E-01  5.8345E-03  7.4038E-03  6.4506E-03
  1.2239E-02  5.1614E-01  5.8774E-03  7.5885E-03  6.5476E-03
  1.4401E-02  5.0135E-01  5.8861E-03  7.7617E-03  6.6222E-03
  1.6946E-02  4.8753E-01  5.8630E-03  7.8858E-03  6.6607E-03
  1.9940E-02  4.7446E-01  5.7810E-03  7.9400E-03  6.6405E-03
  2.3463E-02  4.6202E-01  5.6337E-03  7.9072E-03  6.5493E-03
  2.7609E-02  4.5017E-01  5.4751E-03  7.7996E-03  6.4175E-03
  3.2487E-02  4.3866E-01  5.3440E-03  7.6009E-03  6.2561E-03
  3.8227E-02  4.2748E-01  5.3092E-03  7.3804E-03  6.1266E-03
  4.4982E-02  4.1642E-01  5.4384E-03  7.1629E-03  6.0751E-03
  5.2930E-02  4.0547E-01  5.7364E-03  6.9737E-03  6.1409E-03
  6.2282E-02  3.9423E-01  6.0282E-03  6.9970E-03  6.2891E-03
  7.3287E-02  3.8273E-01  6.2797E-03  7.0728E-03  6.4591E-03
  8.6236E-02  3.7034E-01  6.4498E-03  7.0450E-03  6.5360E-03
  1.0147E-01  3.5671E-01  6.4946E-03  6.8101E-03  6.4455E-03
  1.1940E-01  3.4115E-01  6.3883E-03  6.3603E-03  6.1678E-03
  1.4050E-01  3.2269E-01  6.1734E-03  5.8204E-03  5.8066E-03
  1.6533E-01  3.0051E-01  5.8587E-03  5.6391E-03  5.5362E-03
  1.9454E-01  2.7373E-01  5.6639E-03  5.8105E-03  5.5049E-03
  2.2891E-01  2.4177E-01  5.7993E-03  5.9191E-03  5.6303E-03
  2.6936E-01  2.0460E-01  5.8706E-03  5.8291E-03  5.6338E-03
  3.1695E-01  1.6299E-01  5.5255E-03  5.5163E-03  5.3138E-03
  3.7296E-01  1.1895E-01  5.0422E-03  4.9163E-03  4.7512E-03
  4.3885E-01  7.6101E-02  4.7927E-03  3.9546E-03  4.1260E-03
  5.1640E-01  3.9592E-02  4.1563E-03  2.7705E-03  3.2780E-03
  6.0764E-01  1.4600E-02  2.6260E-03  1.5073E-03  1.9746E-03
  7.1501E-01  2.8382E-03  8.9484E-04  4.6865E-04  6.5429E-04
  8.4134E-01  1.1907E-04  7.2552E-05  3.3893E-05  5.1074E-05
  9.9000E-01  3.7620E-08  6.4996E-08  3.3250E-08  4.2458E-08
