 # x =   1.0000E-02
 #        q2        xglu      error+      error-       error
  5.0000E-01  1.1431E-01  5.3468E-02  4.7429E-02  4.8973E-02
  6.3536E-01  1.7318E-01  7.2419E-02  6.5402E-02  6.6892E-02
  8.0737E-01  3.1155E-01  1.0057E-01  9.3993E-02  9.4429E-02
  1.0259E+00  7.1616E-01  1.2094E-01  1.1869E-01  1.1634E-01
  1.3037E+00  1.3205E+00  1.1819E-01  1.2108E-01  1.1633E-01
  1.6566E+00  1.8849E+00  1.1488E-01  1.2179E-01  1.1525E-01
  2.1051E+00  2.4032E+00  1.1116E-01  1.2109E-01  1.1325E-01
  2.6750E+00  2.8734E+00  1.0711E-01  1.1946E-01  1.1058E-01
  3.3992E+00  3.3071E+00  1.0354E-01  1.1719E-01  1.0779E-01
  4.3194E+00  3.7067E+00  1.0030E-01  1.1459E-01  1.0500E-01
  5.4888E+00  4.0749E+00  9.7138E-02  1.1215E-01  1.0233E-01
  6.9748E+00  4.4142E+00  9.3954E-02  1.1008E-01  9.9721E-02
  8.8630E+00  4.7271E+00  9.1011E-02  1.0799E-01  9.7275E-02
  1.1262E+01  5.0156E+00  8.8551E-02  1.0576E-01  9.4986E-02
  1.4311E+01  5.2825E+00  8.6252E-02  1.0370E-01  9.2856E-02
  1.8186E+01  5.5283E+00  8.4008E-02  1.0191E-01  9.0900E-02
  2.3109E+01  5.7513E+00  8.1773E-02  1.0024E-01  8.9019E-02
  2.9365E+01  5.9416E+00  7.9502E-02  9.8319E-02  8.7016E-02
  3.7315E+01  6.1191E+00  7.7303E-02  9.6758E-02  8.5220E-02
  4.7417E+01  6.2834E+00  7.5403E-02  9.5142E-02  8.3558E-02
  6.0254E+01  6.4350E+00  7.3707E-02  9.3547E-02  8.2016E-02
  7.6566E+01  6.5758E+00  7.1996E-02  9.2336E-02  8.0624E-02
  9.7294E+01  6.7061E+00  7.0323E-02  9.1697E-02  7.9343E-02
  1.2363E+02  6.8270E+00  6.8779E-02  9.1074E-02  7.8153E-02
  1.5710E+02  6.9390E+00  6.7381E-02  9.0458E-02  7.7056E-02
  1.9964E+02  7.0429E+00  6.6245E-02  8.9786E-02  7.6081E-02
  2.5368E+02  7.1394E+00  6.5174E-02  8.9180E-02  7.5187E-02
  3.2236E+02  7.2288E+00  6.4024E-02  8.8728E-02  7.4344E-02
  4.0963E+02  7.3118E+00  6.2923E-02  8.8344E-02  7.3572E-02
  5.2053E+02  7.3888E+00  6.1899E-02  8.8020E-02  7.2871E-02
  6.6145E+02  7.4603E+00  6.0983E-02  8.7683E-02  7.2225E-02
  8.4051E+02  7.5266E+00  6.0226E-02  8.7238E-02  7.1624E-02
  1.0681E+03  7.5882E+00  5.9482E-02  8.6842E-02  7.1066E-02
  1.3572E+03  7.6451E+00  5.8672E-02  8.6557E-02  7.0534E-02
  1.7246E+03  7.6979E+00  5.7907E-02  8.6290E-02  7.0040E-02
  2.1915E+03  7.7468E+00  5.7273E-02  8.5973E-02  6.9595E-02
  2.7848E+03  7.7920E+00  5.6715E-02  8.5635E-02  6.9184E-02
  3.5388E+03  7.8339E+00  5.6176E-02  8.5330E-02  6.8798E-02
  4.4968E+03  7.8725E+00  5.5656E-02  8.5044E-02  6.8424E-02
  5.7141E+03  7.9082E+00  5.5155E-02  8.4791E-02  6.8075E-02
  7.2611E+03  7.9411E+00  5.4639E-02  8.4598E-02  6.7749E-02
  9.2268E+03  7.9714E+00  5.4168E-02  8.4403E-02  6.7441E-02
  1.1725E+04  7.9992E+00  5.3843E-02  8.4117E-02  6.7161E-02
  1.4899E+04  8.0247E+00  5.3623E-02  8.3765E-02  6.6902E-02
  1.8932E+04  8.0481E+00  5.3348E-02  8.3463E-02  6.6645E-02
  2.4058E+04  8.0693E+00  5.2955E-02  8.3234E-02  6.6370E-02
  3.0571E+04  8.0886E+00  5.2561E-02  8.3028E-02  6.6112E-02
  3.8847E+04  8.1062E+00  5.2258E-02  8.2900E-02  6.5906E-02
  4.9364E+04  8.1222E+00  5.2006E-02  8.2761E-02  6.5730E-02
  6.2728E+04  8.1365E+00  5.1773E-02  8.2565E-02  6.5545E-02
  7.9710E+04  8.1491E+00  5.1565E-02  8.2316E-02  6.5348E-02
  1.0129E+05  8.1604E+00  5.1357E-02  8.2085E-02  6.5161E-02
  1.2871E+05  8.1704E+00  5.1138E-02  8.1910E-02  6.4993E-02
  1.6355E+05  8.1791E+00  5.0913E-02  8.1750E-02  6.4825E-02
  2.0783E+05  8.1867E+00  5.0661E-02  8.1568E-02  6.4635E-02
  2.6410E+05  8.1932E+00  5.0380E-02  8.1372E-02  6.4423E-02
  3.3559E+05  8.1986E+00  5.0158E-02  8.1183E-02  6.4241E-02
  4.2645E+05  8.2030E+00  5.0030E-02  8.1010E-02  6.4106E-02
  5.4190E+05  8.2064E+00  4.9924E-02  8.0827E-02  6.3974E-02
  6.8860E+05  8.2089E+00  4.9795E-02  8.0605E-02  6.3811E-02
  8.7502E+05  8.2106E+00  4.9659E-02  8.0368E-02  6.3636E-02
  1.1119E+06  8.2115E+00  4.9498E-02  8.0189E-02  6.3480E-02
  1.4129E+06  8.2117E+00  4.9292E-02  8.0076E-02  6.3339E-02
  1.7954E+06  8.2111E+00  4.9132E-02  7.9937E-02  6.3205E-02
  2.2815E+06  8.2098E+00  4.9075E-02  7.9715E-02  6.3076E-02
  2.8992E+06  8.2079E+00  4.9072E-02  7.9455E-02  6.2952E-02
  3.6840E+06  8.2053E+00  4.9084E-02  7.9179E-02  6.2823E-02
  4.6814E+06  8.2022E+00  4.9116E-02  7.8880E-02  6.2691E-02
  5.9487E+06  8.1985E+00  4.9095E-02  7.8631E-02  6.2557E-02
  7.5592E+06  8.1944E+00  4.8983E-02  7.8464E-02  6.2424E-02
  9.6056E+06  8.1898E+00  4.8867E-02  7.8308E-02  6.2293E-02
  1.2206E+07  8.1848E+00  4.8822E-02  7.8106E-02  6.2173E-02
  1.5511E+07  8.1792E+00  4.8807E-02  7.7881E-02  6.2056E-02
  1.9710E+07  8.1733E+00  4.8772E-02  7.7650E-02  6.1925E-02
  2.5046E+07  8.1670E+00  4.8701E-02  7.7416E-02  6.1774E-02
  3.1826E+07  8.1603E+00  4.8663E-02  7.7165E-02  6.1631E-02
  4.0442E+07  8.1532E+00  4.8725E-02  7.6872E-02  6.1514E-02
  5.1390E+07  8.1457E+00  4.8811E-02  7.6576E-02  6.1408E-02
  6.5303E+07  8.1380E+00  4.8808E-02  7.6345E-02  6.1289E-02
  8.2982E+07  8.1301E+00  4.8736E-02  7.6162E-02  6.1162E-02
  1.0545E+08  8.1218E+00  4.8648E-02  7.5995E-02  6.1036E-02
  1.3399E+08  8.1133E+00  4.8538E-02  7.5849E-02  6.0911E-02
  1.7027E+08  8.1045E+00  4.8438E-02  7.5698E-02  6.0788E-02
  2.1637E+08  8.0955E+00  4.8381E-02  7.5510E-02  6.0667E-02
  2.7494E+08  8.0863E+00  4.8357E-02  7.5296E-02  6.0547E-02
  3.4937E+08  8.0768E+00  4.8389E-02  7.5043E-02  6.0434E-02
  4.4396E+08  8.0670E+00  4.8502E-02  7.4736E-02  6.0329E-02
  5.6414E+08  8.0571E+00  4.8586E-02  7.4451E-02  6.0222E-02
  7.1687E+08  8.0471E+00  4.8586E-02  7.4226E-02  6.0108E-02
  9.1094E+08  8.0369E+00  4.8532E-02  7.4040E-02  5.9990E-02
  1.1576E+09  8.0267E+00  4.8481E-02  7.3863E-02  5.9878E-02
  1.4709E+09  8.0166E+00  4.8461E-02  7.3676E-02  5.9775E-02
  1.8692E+09  8.0066E+00  4.8449E-02  7.3495E-02  5.9679E-02
  2.3752E+09  7.9965E+00  4.8444E-02  7.3319E-02  5.9588E-02
  3.0182E+09  7.9864E+00  4.8447E-02  7.3148E-02  5.9504E-02
  3.8353E+09  7.9764E+00  4.8456E-02  7.2983E-02  5.9425E-02
  4.8736E+09  7.9664E+00  4.8473E-02  7.2822E-02  5.9352E-02
  6.1930E+09  7.9563E+00  4.8497E-02  7.2667E-02  5.9285E-02
  7.8695E+09  7.9463E+00  4.8528E-02  7.2517E-02  5.9225E-02
  1.0000E+10  7.9363E+00  4.8565E-02  7.2372E-02  5.9170E-02
