 # x =   1.0000E-02
 #        q2       xsbar      error+      error-       error
  5.0000E-01  5.5077E-02  1.3879E-02  8.9561E-03  1.1275E-02
  6.3536E-01  6.6957E-02  1.6532E-02  1.0695E-02  1.3443E-02
  8.0737E-01  7.7957E-02  1.8471E-02  1.2012E-02  1.5049E-02
  1.0259E+00  8.5241E-02  1.8764E-02  1.2323E-02  1.5342E-02
  1.3037E+00  9.1448E-02  1.8215E-02  1.2112E-02  1.4959E-02
  1.6566E+00  9.9625E-02  1.7751E-02  1.1953E-02  1.4642E-02
  2.1051E+00  1.0918E-01  1.7336E-02  1.1825E-02  1.4366E-02
  2.6750E+00  1.1950E-01  1.6970E-02  1.1715E-02  1.4126E-02
  3.3992E+00  1.3036E-01  1.6630E-02  1.1647E-02  1.3913E-02
  4.3194E+00  1.4151E-01  1.6315E-02  1.1597E-02  1.3720E-02
  5.4888E+00  1.5276E-01  1.6046E-02  1.1520E-02  1.3540E-02
  6.9748E+00  1.6403E-01  1.5775E-02  1.1482E-02  1.3376E-02
  8.8630E+00  1.7520E-01  1.5521E-02  1.1449E-02  1.3224E-02
  1.1262E+01  1.8624E-01  1.5284E-02  1.1415E-02  1.3079E-02
  1.4311E+01  1.9705E-01  1.5072E-02  1.1364E-02  1.2941E-02
  1.8186E+01  2.0765E-01  1.4873E-02  1.1317E-02  1.2813E-02
  2.3109E+01  2.1802E-01  1.4684E-02  1.1269E-02  1.2691E-02
  2.9365E+01  2.2810E-01  1.4497E-02  1.1221E-02  1.2568E-02
  3.7315E+01  2.3791E-01  1.4321E-02  1.1183E-02  1.2457E-02
  4.7417E+01  2.4744E-01  1.4144E-02  1.1157E-02  1.2350E-02
  6.0254E+01  2.5670E-01  1.3970E-02  1.1138E-02  1.2246E-02
  7.6566E+01  2.6568E-01  1.3811E-02  1.1098E-02  1.2143E-02
  9.7294E+01  2.7439E-01  1.3664E-02  1.1047E-02  1.2042E-02
  1.2363E+02  2.8283E-01  1.3524E-02  1.0996E-02  1.1945E-02
  1.5710E+02  2.9101E-01  1.3392E-02  1.0945E-02  1.1852E-02
  1.9964E+02  2.9894E-01  1.3263E-02  1.0901E-02  1.1763E-02
  2.5368E+02  3.0663E-01  1.3135E-02  1.0862E-02  1.1676E-02
  3.2236E+02  3.1407E-01  1.3003E-02  1.0829E-02  1.1590E-02
  4.0963E+02  3.2129E-01  1.2879E-02  1.0791E-02  1.1507E-02
  5.2053E+02  3.2827E-01  1.2774E-02  1.0737E-02  1.1426E-02
  6.6145E+02  3.3504E-01  1.2671E-02  1.0686E-02  1.1347E-02
  8.4051E+02  3.4160E-01  1.2559E-02  1.0648E-02  1.1270E-02
  1.0681E+03  3.4797E-01  1.2450E-02  1.0611E-02  1.1196E-02
  1.3572E+03  3.5413E-01  1.2345E-02  1.0574E-02  1.1122E-02
  1.7246E+03  3.6011E-01  1.2244E-02  1.0534E-02  1.1051E-02
  2.1915E+03  3.6590E-01  1.2152E-02  1.0488E-02  1.0981E-02
  2.7848E+03  3.7152E-01  1.2066E-02  1.0437E-02  1.0914E-02
  3.5388E+03  3.7697E-01  1.1977E-02  1.0395E-02  1.0848E-02
  4.4968E+03  3.8226E-01  1.1884E-02  1.0362E-02  1.0783E-02
  5.7141E+03  3.8739E-01  1.1794E-02  1.0328E-02  1.0720E-02
  7.2611E+03  3.9237E-01  1.1712E-02  1.0289E-02  1.0658E-02
  9.2268E+03  3.9720E-01  1.1632E-02  1.0250E-02  1.0598E-02
  1.1725E+04  4.0189E-01  1.1552E-02  1.0213E-02  1.0539E-02
  1.4899E+04  4.0645E-01  1.1472E-02  1.0178E-02  1.0481E-02
  1.8932E+04  4.1087E-01  1.1394E-02  1.0141E-02  1.0424E-02
  2.4058E+04  4.1517E-01  1.1319E-02  1.0102E-02  1.0369E-02
  3.0571E+04  4.1934E-01  1.1247E-02  1.0062E-02  1.0314E-02
  3.8847E+04  4.2340E-01  1.1176E-02  1.0021E-02  1.0259E-02
  4.9364E+04  4.2734E-01  1.1107E-02  9.9788E-03  1.0204E-02
  6.2728E+04  4.3117E-01  1.1041E-02  9.9388E-03  1.0152E-02
  7.9710E+04  4.3489E-01  1.0979E-02  9.9012E-03  1.0104E-02
  1.0129E+05  4.3851E-01  1.0917E-02  9.8628E-03  1.0056E-02
  1.2871E+05  4.4204E-01  1.0853E-02  9.8192E-03  1.0004E-02
  1.6355E+05  4.4546E-01  1.0787E-02  9.7769E-03  9.9521E-03
  2.0783E+05  4.4880E-01  1.0721E-02  9.7476E-03  9.9048E-03
  2.6410E+05  4.5205E-01  1.0652E-02  9.7296E-03  9.8614E-03
  3.3559E+05  4.5521E-01  1.0588E-02  9.7051E-03  9.8179E-03
  4.2645E+05  4.5828E-01  1.0532E-02  9.6676E-03  9.7733E-03
  5.4190E+05  4.6127E-01  1.0477E-02  9.6288E-03  9.7292E-03
  6.8860E+05  4.6419E-01  1.0419E-02  9.6004E-03  9.6866E-03
  8.7502E+05  4.6702E-01  1.0360E-02  9.5745E-03  9.6448E-03
  1.1119E+06  4.6979E-01  1.0305E-02  9.5429E-03  9.6028E-03
  1.4129E+06  4.7248E-01  1.0257E-02  9.5053E-03  9.5604E-03
  1.7954E+06  4.7510E-01  1.0207E-02  9.4753E-03  9.5190E-03
  2.2815E+06  4.7765E-01  1.0149E-02  9.4580E-03  9.4795E-03
  2.8992E+06  4.8014E-01  1.0091E-02  9.4445E-03  9.4412E-03
  3.6840E+06  4.8257E-01  1.0040E-02  9.4225E-03  9.4034E-03
  4.6814E+06  4.8493E-01  9.9966E-03  9.3940E-03  9.3662E-03
  5.9487E+06  4.8724E-01  9.9488E-03  9.3699E-03  9.3293E-03
  7.5592E+06  4.8948E-01  9.8918E-03  9.3547E-03  9.2922E-03
  9.6056E+06  4.9168E-01  9.8372E-03  9.3378E-03  9.2556E-03
  1.2206E+07  4.9381E-01  9.7968E-03  9.3082E-03  9.2204E-03
  1.5511E+07  4.9589E-01  9.7636E-03  9.2724E-03  9.1860E-03
  1.9710E+07  4.9793E-01  9.7225E-03  9.2455E-03  9.1514E-03
  2.5046E+07  4.9991E-01  9.6715E-03  9.2292E-03  9.1165E-03
  3.1826E+07  5.0185E-01  9.6220E-03  9.2128E-03  9.0825E-03
  4.0442E+07  5.0373E-01  9.5819E-03  9.1885E-03  9.0504E-03
  5.1390E+07  5.0557E-01  9.5438E-03  9.1636E-03  9.0192E-03
  6.5303E+07  5.0737E-01  9.4973E-03  9.1493E-03  8.9877E-03
  8.2982E+07  5.0913E-01  9.4443E-03  9.1433E-03  8.9559E-03
  1.0545E+08  5.1084E-01  9.3964E-03  9.1303E-03  8.9241E-03
  1.3399E+08  5.1251E-01  9.3565E-03  9.1051E-03  8.8915E-03
  1.7027E+08  5.1414E-01  9.3197E-03  9.0776E-03  8.8596E-03
  2.1637E+08  5.1573E-01  9.2833E-03  9.0560E-03  8.8303E-03
  2.7494E+08  5.1729E-01  9.2481E-03  9.0368E-03  8.8026E-03
  3.4937E+08  5.1881E-01  9.2137E-03  9.0149E-03  8.7746E-03
  4.4396E+08  5.2028E-01  9.1812E-03  8.9883E-03  8.7463E-03
  5.6414E+08  5.2173E-01  9.1449E-03  8.9669E-03  8.7180E-03
  7.1687E+08  5.2314E-01  9.1018E-03  8.9554E-03  8.6896E-03
  9.1094E+08  5.2453E-01  9.0536E-03  8.9513E-03  8.6611E-03
  1.1576E+09  5.2592E-01  9.0048E-03  8.9479E-03  8.6326E-03
  1.4709E+09  5.2732E-01  8.9578E-03  8.9417E-03  8.6041E-03
  1.8692E+09  5.2873E-01  8.9106E-03  8.9357E-03  8.5755E-03
  2.3752E+09  5.3014E-01  8.8633E-03  8.9298E-03  8.5470E-03
  3.0182E+09  5.3156E-01  8.8158E-03  8.9241E-03  8.5185E-03
  3.8353E+09  5.3297E-01  8.7682E-03  8.9185E-03  8.4899E-03
  4.8736E+09  5.3440E-01  8.7204E-03  8.9130E-03  8.4614E-03
  6.1930E+09  5.3582E-01  8.6725E-03  8.9078E-03  8.4329E-03
  7.8695E+09  5.3726E-01  8.6244E-03  8.9027E-03  8.4044E-03
  1.0000E+10  5.3869E-01  8.5761E-03  8.8978E-03  8.3760E-03
