 # x =   1.0000E-02
 #        q2        xstr      error+      error-       error
  5.0000E-01  5.3606E-02  1.4349E-02  8.9870E-03  1.1468E-02
  6.3536E-01  6.5236E-02  1.7109E-02  1.0736E-02  1.3683E-02
  8.0737E-01  7.6106E-02  1.9156E-02  1.2066E-02  1.5340E-02
  1.0259E+00  8.3505E-02  1.9531E-02  1.2387E-02  1.5675E-02
  1.3037E+00  8.9947E-02  1.9035E-02  1.2182E-02  1.5321E-02
  1.6566E+00  9.8338E-02  1.8616E-02  1.2026E-02  1.5027E-02
  2.1051E+00  1.0809E-01  1.8240E-02  1.1899E-02  1.4769E-02
  2.6750E+00  1.1859E-01  1.7908E-02  1.1789E-02  1.4543E-02
  3.3992E+00  1.2962E-01  1.7599E-02  1.1706E-02  1.4341E-02
  4.3194E+00  1.4093E-01  1.7312E-02  1.1638E-02  1.4157E-02
  5.4888E+00  1.5234E-01  1.7071E-02  1.1541E-02  1.3984E-02
  6.9748E+00  1.6374E-01  1.6825E-02  1.1483E-02  1.3826E-02
  8.8630E+00  1.7505E-01  1.6593E-02  1.1429E-02  1.3678E-02
  1.1262E+01  1.8621E-01  1.6376E-02  1.1373E-02  1.3536E-02
  1.4311E+01  1.9715E-01  1.6183E-02  1.1302E-02  1.3401E-02
  1.8186E+01  2.0786E-01  1.6003E-02  1.1235E-02  1.3274E-02
  2.3109E+01  2.1833E-01  1.5833E-02  1.1167E-02  1.3154E-02
  2.9365E+01  2.2852E-01  1.5660E-02  1.1100E-02  1.3032E-02
  3.7315E+01  2.3843E-01  1.5499E-02  1.1042E-02  1.2921E-02
  4.7417E+01  2.4806E-01  1.5335E-02  1.0998E-02  1.2814E-02
  6.0254E+01  2.5741E-01  1.5172E-02  1.0961E-02  1.2711E-02
  7.6566E+01  2.6648E-01  1.5027E-02  1.0904E-02  1.2608E-02
  9.7294E+01  2.7527E-01  1.4894E-02  1.0836E-02  1.2506E-02
  1.2363E+02  2.8379E-01  1.4767E-02  1.0770E-02  1.2410E-02
  1.5710E+02  2.9205E-01  1.4646E-02  1.0704E-02  1.2317E-02
  1.9964E+02  3.0006E-01  1.4526E-02  1.0644E-02  1.2226E-02
  2.5368E+02  3.0781E-01  1.4407E-02  1.0589E-02  1.2138E-02
  3.2236E+02  3.1533E-01  1.4282E-02  1.0541E-02  1.2051E-02
  4.0963E+02  3.2261E-01  1.4166E-02  1.0488E-02  1.1966E-02
  5.2053E+02  3.2966E-01  1.4069E-02  1.0421E-02  1.1884E-02
  6.6145E+02  3.3650E-01  1.3974E-02  1.0356E-02  1.1805E-02
  8.4051E+02  3.4312E-01  1.3871E-02  1.0306E-02  1.1727E-02
  1.0681E+03  3.4955E-01  1.3770E-02  1.0258E-02  1.1652E-02
  1.3572E+03  3.5577E-01  1.3670E-02  1.0208E-02  1.1578E-02
  1.7246E+03  3.6180E-01  1.3575E-02  1.0157E-02  1.1505E-02
  2.1915E+03  3.6765E-01  1.3489E-02  1.0099E-02  1.1434E-02
  2.7848E+03  3.7332E-01  1.3409E-02  1.0038E-02  1.1365E-02
  3.5388E+03  3.7882E-01  1.3325E-02  9.9851E-03  1.1298E-02
  4.4968E+03  3.8416E-01  1.3237E-02  9.9416E-03  1.1233E-02
  5.7141E+03  3.8934E-01  1.3151E-02  9.8979E-03  1.1169E-02
  7.2611E+03  3.9437E-01  1.3073E-02  9.8496E-03  1.1106E-02
  9.2268E+03  3.9924E-01  1.2997E-02  9.8008E-03  1.1045E-02
  1.1725E+04  4.0398E-01  1.2921E-02  9.7552E-03  1.0985E-02
  1.4899E+04  4.0858E-01  1.2844E-02  9.7117E-03  1.0926E-02
  1.8932E+04  4.1305E-01  1.2770E-02  9.6664E-03  1.0868E-02
  2.4058E+04  4.1739E-01  1.2699E-02  9.6180E-03  1.0810E-02
  3.0571E+04  4.2160E-01  1.2629E-02  9.5690E-03  1.0753E-02
  3.8847E+04  4.2570E-01  1.2562E-02  9.5211E-03  1.0698E-02
  4.9364E+04  4.2968E-01  1.2498E-02  9.4738E-03  1.0644E-02
  6.2728E+04  4.3355E-01  1.2435E-02  9.4272E-03  1.0592E-02
  7.9710E+04  4.3731E-01  1.2376E-02  9.3815E-03  1.0542E-02
  1.0129E+05  4.4096E-01  1.2316E-02  9.3355E-03  1.0492E-02
  1.2871E+05  4.4452E-01  1.2256E-02  9.2861E-03  1.0440E-02
  1.6355E+05  4.4798E-01  1.2195E-02  9.2388E-03  1.0388E-02
  2.0783E+05  4.5135E-01  1.2131E-02  9.2041E-03  1.0341E-02
  2.6410E+05  4.5463E-01  1.2063E-02  9.1804E-03  1.0297E-02
  3.3559E+05  4.5783E-01  1.2001E-02  9.1503E-03  1.0254E-02
  4.2645E+05  4.6093E-01  1.1947E-02  9.1073E-03  1.0208E-02
  5.4190E+05  4.6395E-01  1.1896E-02  9.0639E-03  1.0163E-02
  6.8860E+05  4.6690E-01  1.1839E-02  9.0307E-03  1.0120E-02
  8.7502E+05  4.6976E-01  1.1782E-02  9.0006E-03  1.0077E-02
  1.1119E+06  4.7256E-01  1.1729E-02  8.9687E-03  1.0034E-02
  1.4129E+06  4.7527E-01  1.1681E-02  8.9293E-03  9.9900E-03
  1.7954E+06  4.7792E-01  1.1632E-02  8.8946E-03  9.9476E-03
  2.2815E+06  4.8050E-01  1.1575E-02  8.8738E-03  9.9077E-03
  2.8992E+06  4.8302E-01  1.1518E-02  8.8575E-03  9.8692E-03
  3.6840E+06  4.8547E-01  1.1470E-02  8.8325E-03  9.8314E-03
  4.6814E+06  4.8786E-01  1.1429E-02  8.8009E-03  9.7943E-03
  5.9487E+06  4.9019E-01  1.1383E-02  8.7737E-03  9.7570E-03
  7.5592E+06  4.9247E-01  1.1327E-02  8.7553E-03  9.7187E-03
  9.6056E+06  4.9468E-01  1.1273E-02  8.7353E-03  9.6810E-03
  1.2206E+07  4.9684E-01  1.1234E-02  8.7027E-03  9.6452E-03
  1.5511E+07  4.9895E-01  1.1201E-02  8.6641E-03  9.6105E-03
  1.9710E+07  5.0100E-01  1.1161E-02  8.6344E-03  9.5756E-03
  2.5046E+07  5.0301E-01  1.1112E-02  8.6156E-03  9.5403E-03
  3.1826E+07  5.0497E-01  1.1064E-02  8.5968E-03  9.5059E-03
  4.0442E+07  5.0687E-01  1.1024E-02  8.5703E-03  9.4731E-03
  5.1390E+07  5.0873E-01  1.0986E-02  8.5434E-03  9.4413E-03
  6.5303E+07  5.1055E-01  1.0941E-02  8.5274E-03  9.4099E-03
  8.2982E+07  5.1233E-01  1.0890E-02  8.5200E-03  9.3790E-03
  1.0545E+08  5.1407E-01  1.0844E-02  8.5052E-03  9.3471E-03
  1.3399E+08  5.1576E-01  1.0805E-02  8.4775E-03  9.3131E-03
  1.7027E+08  5.1740E-01  1.0768E-02  8.4474E-03  9.2795E-03
  2.1637E+08  5.1902E-01  1.0731E-02  8.4228E-03  9.2485E-03
  2.7494E+08  5.2059E-01  1.0693E-02  8.4007E-03  9.2192E-03
  3.4937E+08  5.2213E-01  1.0659E-02  8.3776E-03  9.1910E-03
  4.4396E+08  5.2362E-01  1.0629E-02  8.3521E-03  9.1642E-03
  5.6414E+08  5.2508E-01  1.0595E-02  8.3311E-03  9.1370E-03
  7.1687E+08  5.2652E-01  1.0552E-02  8.3179E-03  9.1081E-03
  9.1094E+08  5.2792E-01  1.0502E-02  8.3108E-03  9.0782E-03
  1.1576E+09  5.2933E-01  1.0451E-02  8.3043E-03  9.0481E-03
  1.4709E+09  5.3075E-01  1.0402E-02  8.2956E-03  9.0184E-03
  1.8692E+09  5.3217E-01  1.0354E-02  8.2870E-03  8.9887E-03
  2.3752E+09  5.3360E-01  1.0305E-02  8.2786E-03  8.9590E-03
  3.0182E+09  5.3504E-01  1.0256E-02  8.2703E-03  8.9292E-03
  3.8353E+09  5.3647E-01  1.0206E-02  8.2622E-03  8.8994E-03
  4.8736E+09  5.3792E-01  1.0157E-02  8.2543E-03  8.8696E-03
  6.1930E+09  5.3936E-01  1.0108E-02  8.2465E-03  8.8398E-03
  7.8695E+09  5.4081E-01  1.0058E-02  8.2389E-03  8.8099E-03
  1.0000E+10  5.4226E-01  1.0008E-02  8.2314E-03  8.7801E-03
