 # q =   1.0000E+01
 #         x         xup      error+      error-       error
  1.0000E-07  4.3526E+01  7.0415E+01  3.0994E+01  4.9879E+01
  1.1767E-07  4.0042E+01  6.1841E+01  2.7746E+01  4.4071E+01
  1.3846E-07  3.6837E+01  5.4252E+01  2.4809E+01  3.8900E+01
  1.6293E-07  3.3888E+01  4.7540E+01  2.2155E+01  3.4297E+01
  1.9171E-07  3.1175E+01  4.1606E+01  1.9757E+01  3.0202E+01
  2.2559E-07  2.8679E+01  3.6364E+01  1.7593E+01  2.6561E+01
  2.6545E-07  2.6383E+01  3.1736E+01  1.5641E+01  2.3325E+01
  3.1235E-07  2.4271E+01  2.7653E+01  1.3881E+01  2.0452E+01
  3.6754E-07  2.2328E+01  2.4054E+01  1.2295E+01  1.7902E+01
  4.3248E-07  2.0541E+01  2.0883E+01  1.0868E+01  1.5640E+01
  5.0890E-07  1.8897E+01  1.8092E+01  9.5841E+00  1.3636E+01
  5.9882E-07  1.7384E+01  1.5639E+01  8.4304E+00  1.1861E+01
  7.0462E-07  1.5992E+01  1.3483E+01  7.3946E+00  1.0290E+01
  8.2912E-07  1.4712E+01  1.1592E+01  6.4655E+00  8.9021E+00
  9.7562E-07  1.3534E+01  9.9343E+00  5.6330E+00  7.6766E+00
  1.1480E-06  1.2482E+01  8.5818E+00  4.9220E+00  6.6607E+00
  1.3509E-06  1.1497E+01  7.3513E+00  4.2690E+00  5.7335E+00
  1.5895E-06  1.0572E+01  6.2176E+00  3.6651E+00  4.8786E+00
  1.8704E-06  9.7055E+00  5.1808E+00  3.1103E+00  4.0959E+00
  2.2009E-06  8.8946E+00  4.2394E+00  2.6006E+00  3.3795E+00
  2.5898E-06  8.1287E+00  3.3773E+00  2.1262E+00  2.7152E+00
  3.0474E-06  7.4256E+00  2.6189E+00  1.7044E+00  2.1293E+00
  3.5858E-06  6.8058E+00  2.0035E+00  1.3550E+00  1.6510E+00
  4.2194E-06  6.2911E+00  1.5701E+00  1.0992E+00  1.3100E+00
  4.9649E-06  5.8914E+00  1.3310E+00  9.4631E-01  1.1165E+00
  5.8422E-06  5.5404E+00  1.1617E+00  8.3220E-01  9.7676E-01
  6.8744E-06  5.1897E+00  9.7511E-01  7.0989E-01  8.2430E-01
  8.0891E-06  4.8595E+00  8.0824E-01  5.9913E-01  6.8727E-01
  9.5184E-06  4.5492E+00  6.6027E-01  4.9926E-01  5.6490E-01
  1.1200E-05  4.2643E+00  5.3804E-01  4.1464E-01  4.6272E-01
  1.3179E-05  4.0070E+00  4.4354E-01  3.4713E-01  3.8264E-01
  1.5508E-05  3.7719E+00  3.6912E-01  2.9235E-01  3.1871E-01
  1.8248E-05  3.5532E+00  3.0748E-01  2.4569E-01  2.6506E-01
  2.1472E-05  3.3461E+00  2.5370E-01  2.0365E-01  2.1742E-01
  2.5266E-05  3.1557E+00  2.1205E-01  1.6980E-01  1.7988E-01
  2.9731E-05  2.9807E+00  1.8019E-01  1.4317E-01  1.5091E-01
  3.4984E-05  2.8181E+00  1.5461E-01  1.2143E-01  1.2759E-01
  4.1165E-05  2.6648E+00  1.3222E-01  1.0245E-01  1.0756E-01
  4.8439E-05  2.5226E+00  1.1370E-01  8.7216E-02  9.1637E-02
  5.6998E-05  2.3901E+00  9.8259E-02  7.4995E-02  7.8856E-02
  6.7069E-05  2.2639E+00  8.4121E-02  6.6234E-02  6.7518E-02
  7.8919E-05  2.1453E+00  7.1916E-02  6.0212E-02  5.8081E-02
  9.2864E-05  2.0354E+00  6.2154E-02  5.4980E-02  5.0672E-02
  1.0927E-04  1.9316E+00  5.3687E-02  5.0335E-02  4.4381E-02
  1.2858E-04  1.8337E+00  4.6286E-02  4.6212E-02  3.9013E-02
  1.5130E-04  1.7414E+00  3.9886E-02  4.2452E-02  3.4442E-02
  1.7803E-04  1.6540E+00  3.4328E-02  3.8972E-02  3.0506E-02
  2.0949E-04  1.5710E+00  2.9480E-02  3.5739E-02  2.7094E-02
  2.4650E-04  1.4932E+00  2.5490E-02  3.2704E-02  2.4228E-02
  2.9006E-04  1.4202E+00  2.2246E-02  2.9844E-02  2.1808E-02
  3.4131E-04  1.3515E+00  1.9544E-02  2.7168E-02  1.9721E-02
  4.0162E-04  1.2863E+00  1.7232E-02  2.4687E-02  1.7892E-02
  4.7258E-04  1.2249E+00  1.5348E-02  2.2352E-02  1.6306E-02
  5.5608E-04  1.1672E+00  1.3834E-02  2.0205E-02  1.4937E-02
  6.5434E-04  1.1128E+00  1.2758E-02  1.8405E-02  1.3750E-02
  7.6995E-04  1.0617E+00  1.1790E-02  1.6901E-02  1.2722E-02
  9.0600E-04  1.0135E+00  1.0992E-02  1.5446E-02  1.1803E-02
  1.0661E-03  9.6825E-01  1.0273E-02  1.4128E-02  1.0987E-02
  1.2544E-03  9.2584E-01  9.5843E-03  1.3001E-02  1.0271E-02
  1.4761E-03  8.8620E-01  8.9345E-03  1.2030E-02  9.6335E-03
  1.7369E-03  8.4909E-01  8.3281E-03  1.1182E-02  9.0577E-03
  2.0438E-03  8.1430E-01  7.7684E-03  1.0426E-02  8.5301E-03
  2.4049E-03  7.8196E-01  7.2556E-03  9.7648E-03  8.0471E-03
  2.8299E-03  7.5212E-01  6.7870E-03  9.1854E-03  7.6027E-03
  3.3299E-03  7.2459E-01  6.3590E-03  8.6610E-03  7.1871E-03
  3.9183E-03  6.9919E-01  5.9656E-03  8.1694E-03  6.7917E-03
  4.6106E-03  6.7590E-01  5.6030E-03  7.7034E-03  6.4130E-03
  5.4253E-03  6.5478E-01  5.2741E-03  7.2590E-03  6.0517E-03
  6.3839E-03  6.3569E-01  4.9734E-03  6.8147E-03  5.7005E-03
  7.5118E-03  6.1862E-01  4.6982E-03  6.3727E-03  5.3612E-03
  8.8391E-03  6.0354E-01  4.4390E-03  5.9456E-03  5.0381E-03
  1.0401E-02  5.9040E-01  4.1995E-03  5.5416E-03  4.7370E-03
  1.2239E-02  5.7920E-01  3.9972E-03  5.1615E-03  4.4672E-03
  1.4401E-02  5.6986E-01  3.8673E-03  4.8470E-03  4.2557E-03
  1.6946E-02  5.6239E-01  3.8233E-03  4.6451E-03  4.1344E-03
  1.9940E-02  5.5670E-01  3.8811E-03  4.6014E-03  4.1327E-03
  2.3463E-02  5.5277E-01  4.1054E-03  4.7136E-03  4.2697E-03
  2.7609E-02  5.5055E-01  4.5012E-03  4.9782E-03  4.5523E-03
  3.2487E-02  5.4985E-01  5.0369E-03  5.3287E-03  4.9470E-03
  3.8227E-02  5.5066E-01  5.6780E-03  5.7477E-03  5.4310E-03
  4.4982E-02  5.5270E-01  6.3165E-03  6.1844E-03  5.9351E-03
  5.2930E-02  5.5595E-01  6.9379E-03  6.6206E-03  6.4432E-03
  6.2282E-02  5.5975E-01  7.4737E-03  6.9725E-03  6.8887E-03
  7.3287E-02  5.6415E-01  7.9330E-03  7.2352E-03  7.2744E-03
  8.6236E-02  5.6823E-01  8.2623E-03  7.4396E-03  7.5836E-03
  1.0147E-01  5.7146E-01  8.4723E-03  7.6164E-03  7.8289E-03
  1.1940E-01  5.7284E-01  8.5894E-03  7.7747E-03  8.0179E-03
  1.4050E-01  5.7061E-01  8.6072E-03  7.8961E-03  8.1277E-03
  1.6533E-01  5.6290E-01  8.5268E-03  7.9204E-03  8.1248E-03
  1.9454E-01  5.4708E-01  8.3349E-03  7.7512E-03  7.9537E-03
  2.2891E-01  5.2001E-01  8.0025E-03  7.3526E-03  7.5824E-03
  2.6936E-01  4.7872E-01  7.5221E-03  6.6969E-03  6.9964E-03
  3.1695E-01  4.2105E-01  6.8479E-03  5.7789E-03  6.1715E-03
  3.7296E-01  3.4720E-01  5.8619E-03  4.6865E-03  5.1048E-03
  4.3885E-01  2.6110E-01  4.5001E-03  3.4994E-03  3.8339E-03
  5.1640E-01  1.7107E-01  2.9694E-03  2.3403E-03  2.5530E-03
  6.0764E-01  8.9719E-02  1.7434E-03  1.4161E-03  1.5561E-03
  7.1501E-01  3.1170E-02  9.3380E-04  8.3021E-04  8.6778E-04
  8.4134E-01  4.0021E-03  2.3863E-04  2.4661E-04  2.3264E-04
  9.9000E-01 -3.8489E-06  4.8553E-07  4.0275E-07  4.2113E-07
